0  0
1  530725
2  155583
3  96478
4  64382
5  45969
6  34283
7  26020
8  20673
9  16647
10  13595
11  11013
12  9277
13  7800
14  6695
15  5747
16  4889
17  4329
18  3749
19  3270
20  2823
21  2516
22  2221
23  1905
24  1669
25  1504
26  1295
27  1180
28  1109
29  962
30  823
31  783
32  675
33  620
34  489
35  493
36  442
37  433
38  367
39  318
40  317
41  249
42  265
43  213
44  199
45  199
46  164
47  143
48  132
49  104
50  107
51  98
52  95
53  83
54  62
55  64
56  63
57  53
58  56
59  43
60  44
61  48
62  41
63  30
64  28
65  37
66  25
67  22
68  17
69  23
70  19
71  16
72  14
73  14
74  10
75  20
76  9
77  8
78  4
79  7
80  8
81  6
82  10
83  6
84  3
85  3
86  11
87  3
88  2
89  1
90  1
91  1
92  1
93  4
94  0
95  2
96  1
97  0
98  0
99  1
100  1
101  1
102  0
103  0
104  3
105  2
106  0
107  0
108  0
109  0
110  1
111  1
112  0
113  0
114  2
115  0
116  0
117  0
118  0
119  0
120  0
121  0
122  2
123  0
124  1
125  1
