0  0
1  422
2  75
3  35
4  23
5  16
6  16
7  7
8  7
9  6
10  4
11  1
12  1
13  2
14  2
15  0
16  2
17  0
18  0
19  0
20  0
21  0
22  0
23  0
24  0
25  0
26  0
27  0
28  0
29  1
30  0
31  0
32  1
33  0
34  0
35  0
36  0
37  0
38  0
39  0
40  0
41  0
42  0
43  1
44  0
45  0
46  0
47  1
48  0
49  0
50  0
51  0
52  2
53  0
54  1
55  0
56  0
57  2
58  0
59  1
60  1
61  2
62  0
63  5
64  2
65  5
66  9
67  5
68  13
69  11
70  7
71  23
72  24
73  35
74  45
75  35
76  67
77  72
78  77
79  75
80  71
81  93
82  85
83  73
84  45
85  37
86  29
87  23
88  15
89  5
90  2
91  1
