0  0
1  2632
2  682
3  436
4  339
5  246
6  182
7  140
8  144
9  105
10  81
11  75
12  61
13  53
14  55
15  47
16  48
17  32
18  35
19  34
20  36
21  29
22  27
23  23
24  25
25  31
26  31
27  22
28  30
29  18
30  18
31  19
32  27
33  19
34  22
35  26
36  22
37  18
38  19
39  25
40  18
41  27
42  28
43  23
44  9
45  22
46  17
47  18
48  20
49  23
50  24
51  13
52  24
53  15
54  24
55  31
56  19
57  23
58  17
59  14
60  14
61  20
62  9
63  7
64  11
65  13
66  6
67  4
68  7
69  5
70  2
71  1
72  2
73  1
74  0
75  1
