0  0
1  162460
2  33105
3  19265
4  12428
5  8547
6  6365
7  4788
8  3693
9  3137
10  2507
11  2202
12  1790
13  1648
14  1276
15  1199
16  1129
17  978
18  887
19  846
20  759
21  659
22  601
23  596
24  529
25  485
26  429
27  413
28  361
29  378
30  304
31  316
32  304
33  282
34  260
35  233
36  236
37  249
38  236
39  195
40  187
41  172
42  183
43  175
44  167
45  165
46  160
47  144
48  112
49  149
50  132
51  130
52  112
53  91
54  115
55  112
56  86
57  110
58  103
59  95
60  108
61  91
62  99
63  77
64  66
65  79
66  74
67  93
68  62
69  54
70  70
71  76
72  74
73  56
74  76
75  64
76  53
77  54
78  56
79  42
80  53
81  51
82  50
83  51
84  62
85  45
86  50
87  53
88  51
89  39
90  37
91  39
92  51
93  36
94  28
95  40
96  41
97  33
98  41
99  37
100  39
101  34
102  41
103  36
104  37
105  38
106  33
107  27
108  29
109  29
110  30
111  39
112  26
113  43
114  28
115  22
116  28
117  23
118  21
119  26
120  21
121  25
122  28
123  24
124  21
125  23
126  24
127  22
128  24
129  28
130  23
131  25
132  25
133  19
134  30
135  18
136  18
137  20
138  29
139  18
140  19
141  23
142  19
143  17
144  15
145  8
146  23
147  20
148  22
149  16
150  13
151  10
152  16
153  17
154  18
155  11
156  20
157  25
158  9
159  19
160  22
161  15
162  10
163  14
164  9
165  17
166  17
167  17
168  13
169  15
170  11
171  11
172  12
173  10
174  18
175  10
176  16
177  14
178  7
179  15
180  15
181  21
182  11
183  9
184  4
185  12
186  11
187  10
188  9
189  8
190  13
191  8
192  9
193  15
194  11
195  9
196  14
197  5
198  13
199  12
200  6
201  14
202  15
203  8
204  5
205  11
206  12
207  5
208  19
209  8
210  11
211  12
212  7
213  7
214  8
215  5
216  11
217  7
218  4
219  9
220  5
221  10
222  12
223  5
224  6
225  9
226  6
227  11
228  4
229  7
230  7
231  12
232  9
233  5
234  13
235  10
236  8
237  5
238  8
239  11
240  10
241  8
242  6
243  2
244  6
245  13
246  7
247  6
248  8
249  6
250  6
251  4
252  5
253  2
254  6
255  11
256  7
257  13
258  4
259  7
260  8
261  8
262  5
263  7
264  3
265  3
266  4
267  7
268  7
269  11
270  2
271  9
272  6
273  6
274  9
275  5
276  3
277  14
278  6
279  6
280  1
281  9
282  3
283  7
284  7
285  6
286  4
287  4
288  8
289  2
290  3
291  8
292  10
293  4
294  7
295  5
296  5
297  1
298  3
299  1
300  5
301  1
302  4
303  3
304  6
305  3
306  2
307  3
308  4
309  3
310  5
311  3
312  5
313  9
314  5
315  5
316  6
317  5
318  5
319  4
320  1
321  3
322  1
323  6
324  3
325  4
326  3
327  3
328  3
329  6
330  2
331  4
332  6
333  7
334  2
335  5
336  6
337  4
338  2
339  2
340  2
341  3
342  4
343  9
344  4
345  5
346  6
347  4
348  5
349  3
350  4
351  4
352  6
353  5
354  5
355  3
356  2
357  3
358  6
359  3
360  4
361  4
362  2
363  8
364  1
365  5
366  0
367  2
368  1
369  3
370  3
371  6
372  5
373  1
374  5
375  4
376  2
377  10
378  4
379  5
380  4
381  3
382  2
383  2
384  4
385  5
386  2
387  2
388  1
389  4
390  3
391  3
392  2
393  4
394  3
395  3
396  6
397  2
398  6
399  3
400  4
401  3
402  6
403  6
404  1
405  4
406  3
407  4
408  4
409  1
410  2
411  2
412  3
413  1
414  2
415  3
416  3
417  2
418  4
419  5
420  5
421  5
422  2
423  1
424  3
425  3
426  4
427  8
428  5
429  2
430  2
431  2
432  3
433  1
434  4
435  3
436  3
437  3
438  5
439  3
440  0
441  4
442  1
443  1
444  4
445  1
446  2
447  4
448  3
449  4
450  1
451  3
452  1
453  3
454  2
455  3
456  6
457  3
458  2
459  2
460  3
461  0
462  2
463  2
464  5
465  4
466  2
467  2
468  1
469  1
470  1
471  5
472  4
473  2
474  1
475  1
476  1
477  2
478  1
479  2
480  3
481  2
482  2
483  3
484  0
485  3
486  2
487  2
488  0
489  5
490  0
491  2
492  1
493  4
494  0
495  0
496  5
497  2
498  0
499  1
500  0
501  2
502  0
503  2
504  1
505  0
506  3
507  2
508  3
509  1
510  1
511  1
512  2
513  4
514  0
515  2
516  0
517  1
518  1
519  0
520  3
521  4
522  0
523  4
524  0
525  0
526  0
527  4
528  1
529  1
530  3
531  2
532  3
533  0
534  3
535  4
536  0
537  1
538  2
539  1
540  2
541  1
542  4
543  3
544  2
545  2
546  1
547  0
548  4
549  1
550  0
551  4
552  1
553  2
554  5
555  0
556  2
557  2
558  0
559  1
560  1
561  0
562  0
563  0
564  0
565  2
566  0
567  2
568  1
569  0
570  1
571  3
572  1
573  0
574  3
575  4
576  1
577  3
578  5
579  4
580  2
581  1
582  0
583  0
584  1
585  0
586  3
587  0
588  1
589  1
590  2
591  3
592  3
593  1
594  0
595  0
596  2
597  4
598  1
599  0
600  2
601  1
602  2
603  1
604  0
605  1
606  0
607  1
608  1
609  2
610  0
611  2
612  0
613  2
614  0
615  1
616  0
617  1
618  2
619  1
620  1
621  3
622  0
623  0
624  1
625  1
626  3
627  2
628  0
629  0
630  2
631  4
632  0
633  1
634  2
635  1
636  1
637  0
638  0
639  1
640  2
641  0
642  1
643  1
644  1
645  1
646  1
647  2
648  1
649  1
650  0
651  2
652  1
653  1
654  0
655  2
656  0
657  2
658  0
659  2
660  2
661  0
662  2
663  1
664  1
665  0
666  0
667  2
668  1
669  1
670  2
671  0
672  2
673  1
674  1
675  1
676  3
677  2
678  1
679  1
680  0
681  0
682  0
683  1
684  2
685  4
686  2
687  0
688  1
689  1
690  0
691  1
692  2
693  0
694  0
695  3
696  2
697  0
698  1
699  1
700  2
701  1
702  1
703  0
704  1
705  2
706  2
707  2
708  2
709  0
710  2
711  5
712  0
713  1
714  2
715  1
716  1
717  0
718  1
719  2
720  2
721  0
722  0
723  2
724  1
725  2
726  2
727  0
728  0
729  1
730  1
731  2
732  1
733  1
734  0
735  1
736  0
737  1
738  2
739  0
740  4
741  1
742  1
743  0
744  3
745  1
746  2
747  0
748  0
749  0
750  1
751  1
752  0
753  0
754  1
755  0
756  1
757  1
758  1
759  1
760  2
761  0
762  1
763  0
764  2
765  0
766  4
767  0
768  2
769  1
770  0
771  2
772  1
773  1
774  0
775  0
776  0
777  0
778  2
779  1
780  1
781  0
782  0
783  2
784  1
785  0
786  2
787  2
788  1
789  0
790  2
791  1
792  2
793  0
794  0
795  0
796  1
797  1
798  1
799  1
800  2
801  0
802  0
803  0
804  1
805  2
806  3
807  1
808  1
809  1
810  0
811  2
812  1
813  1
814  2
815  1
816  0
817  0
818  1
819  3
820  1
821  0
822  0
823  0
824  3
825  1
826  0
827  1
828  0
829  0
830  0
831  2
832  1
833  2
834  2
835  1
836  3
837  0
838  0
839  0
840  3
841  0
842  0
843  1
844  2
845  0
846  0
847  1
848  1
849  2
850  0
851  1
852  1
853  0
854  1
855  2
856  1
857  1
858  2
859  3
860  1
861  0
862  1
863  1
864  2
865  0
866  0
867  0
868  0
869  0
870  0
871  0
872  1
873  1
874  1
875  0
876  3
877  0
878  1
879  0
880  0
881  0
882  0
883  0
884  1
885  0
886  2
887  1
888  0
889  3
890  0
891  0
892  0
893  1
894  1
895  1
896  1
897  1
898  1
899  0
900  1
901  0
902  1
903  3
904  0
905  1
906  0
907  2
908  3
909  2
910  2
911  3
912  0
913  0
914  0
915  1
916  2
917  1
918  0
919  0
920  0
921  1
922  1
923  1
924  2
925  0
926  0
927  2
928  0
929  0
930  0
931  1
932  2
933  0
934  2
935  3
936  2
937  1
938  0
939  1
940  0
941  0
942  0
943  0
944  0
945  1
946  1
947  1
948  0
949  3
950  2
951  1
952  0
953  1
954  1
955  2
956  2
957  1
958  1
959  1
960  0
961  1
962  0
963  0
964  1
965  2
966  2
967  0
968  1
969  0
970  0
971  0
972  0
973  0
974  0
975  1
976  1
977  3
978  1
979  0
980  1
981  0
982  0
983  1
984  0
985  1
986  0
987  0
988  0
989  1
990  0
991  1
992  3
993  2
994  0
995  0
996  0
997  1
998  0
999  0
1000  0
1001  0
1002  1
1003  0
1004  0
1005  1
1006  2
1007  0
1008  1
1009  0
1010  0
1011  1
1012  2
1013  0
1014  0
1015  1
1016  0
1017  1
1018  3
1019  1
1020  1
1021  0
1022  0
1023  2
1024  0
1025  1
1026  1
1027  2
1028  0
1029  0
1030  1
1031  0
1032  0
1033  0
1034  0
1035  0
1036  1
1037  1
1038  1
1039  0
1040  0
1041  0
1042  1
1043  0
1044  2
1045  0
1046  0
1047  1
1048  0
1049  1
1050  1
1051  0
1052  1
1053  0
1054  1
1055  1
1056  1
1057  0
1058  1
1059  0
1060  0
1061  0
1062  0
1063  0
1064  0
1065  0
1066  1
1067  1
1068  1
1069  0
1070  0
1071  2
1072  0
1073  3
1074  1
1075  0
1076  0
1077  0
1078  0
1079  0
1080  0
1081  0
1082  1
1083  1
1084  1
1085  0
1086  0
1087  1
1088  1
1089  2
1090  2
1091  0
1092  0
1093  1
1094  1
1095  0
1096  0
1097  0
1098  2
1099  0
1100  0
1101  0
1102  1
1103  0
1104  0
1105  1
1106  0
1107  0
1108  0
1109  0
1110  2
1111  0
1112  1
1113  1
1114  0
1115  0
1116  1
1117  1
1118  0
1119  0
1120  2
1121  0
1122  0
1123  0
1124  1
1125  0
1126  2
1127  0
1128  0
1129  0
1130  0
1131  0
1132  1
1133  0
1134  0
1135  1
1136  0
1137  1
1138  0
1139  1
1140  0
1141  0
1142  0
1143  0
1144  2
1145  0
1146  0
1147  0
1148  0
1149  1
1150  1
1151  0
1152  1
1153  0
1154  0
1155  0
1156  0
1157  1
1158  0
1159  0
1160  0
1161  1
1162  0
1163  0
1164  0
1165  0
1166  0
1167  2
1168  0
1169  0
1170  0
1171  1
1172  0
1173  0
1174  1
1175  0
1176  1
1177  1
1178  1
1179  0
1180  1
1181  0
1182  3
1183  0
1184  1
1185  1
1186  0
1187  0
1188  2
1189  0
1190  0
1191  0
1192  0
1193  0
1194  0
1195  1
1196  0
1197  3
1198  0
1199  0
1200  0
1201  0
1202  0
1203  0
1204  2
1205  3
1206  0
1207  0
1208  0
1209  2
1210  0
1211  0
1212  1
1213  0
1214  0
1215  2
1216  0
1217  0
1218  0
1219  1
1220  0
1221  1
1222  0
1223  1
1224  0
1225  0
1226  0
1227  0
1228  1
1229  0
1230  0
1231  1
1232  0
1233  3
1234  1
1235  0
1236  1
1237  0
1238  1
1239  1
1240  1
1241  0
1242  0
1243  1
1244  0
1245  0
1246  1
1247  1
1248  0
1249  0
1250  0
1251  0
1252  2
1253  0
1254  0
1255  1
1256  1
1257  0
1258  1
1259  0
1260  1
1261  0
1262  1
1263  0
1264  0
1265  1
1266  0
1267  0
1268  0
1269  1
1270  0
1271  0
1272  0
1273  1
1274  0
1275  2
1276  1
1277  0
1278  0
1279  0
1280  5
1281  0
1282  1
1283  0
1284  0
1285  0
1286  0
1287  1
1288  0
1289  1
1290  0
1291  0
1292  0
1293  2
1294  0
1295  0
1296  1
1297  1
1298  0
1299  1
1300  0
1301  1
1302  0
1303  0
1304  1
1305  0
1306  1
1307  0
1308  1
1309  0
1310  0
1311  2
1312  2
1313  2
1314  0
1315  1
1316  0
1317  0
1318  3
1319  0
1320  0
1321  0
1322  0
1323  1
1324  1
1325  0
1326  0
1327  0
1328  0
1329  0
1330  2
1331  0
1332  1
1333  0
1334  0
1335  1
1336  0
1337  0
1338  0
1339  0
1340  0
1341  0
1342  0
1343  0
1344  1
1345  0
1346  0
1347  0
1348  0
1349  0
1350  0
1351  0
1352  0
1353  1
1354  1
1355  1
1356  1
1357  0
1358  1
1359  1
1360  0
1361  0
1362  1
1363  0
1364  0
1365  0
1366  0
1367  0
1368  1
1369  1
1370  0
1371  0
1372  0
1373  0
1374  0
1375  0
1376  1
1377  0
1378  0
1379  0
1380  0
1381  2
1382  1
1383  0
1384  0
1385  0
1386  0
1387  0
1388  1
1389  0
1390  0
1391  0
1392  0
1393  0
1394  0
1395  2
1396  0
1397  2
1398  1
1399  0
1400  0
1401  0
1402  0
1403  0
1404  0
1405  0
1406  0
1407  1
1408  1
1409  0
1410  0
1411  0
1412  1
1413  0
1414  2
1415  0
1416  0
1417  0
1418  0
1419  0
1420  1
1421  0
1422  0
1423  1
1424  1
1425  0
1426  0
1427  0
1428  1
1429  0
1430  0
1431  0
1432  0
1433  0
1434  0
1435  2
1436  1
1437  0
1438  0
1439  0
1440  0
1441  0
1442  0
1443  0
1444  0
1445  0
1446  1
1447  0
1448  0
1449  0
1450  0
1451  2
1452  0
1453  0
1454  0
1455  0
1456  0
1457  0
1458  0
1459  1
1460  1
1461  0
1462  0
1463  0
1464  0
1465  1
1466  0
1467  2
1468  0
1469  0
1470  0
1471  1
1472  0
1473  0
1474  0
1475  1
1476  0
1477  0
1478  0
1479  2
1480  0
1481  1
1482  1
1483  0
1484  0
1485  0
1486  2
1487  1
1488  0
1489  0
1490  0
1491  0
1492  0
1493  1
1494  0
1495  1
1496  1
1497  0
1498  0
1499  0
1500  1
1501  0
1502  1
1503  0
1504  0
1505  0
1506  0
1507  0
1508  0
1509  0
1510  1
1511  0
1512  0
1513  2
1514  0
1515  1
1516  0
1517  0
1518  1
1519  0
1520  0
1521  0
1522  0
1523  0
1524  1
1525  2
1526  0
1527  0
1528  1
1529  0
1530  0
1531  1
1532  0
1533  1
1534  0
1535  0
1536  0
1537  0
1538  0
1539  0
1540  0
1541  0
1542  0
1543  1
1544  0
1545  0
1546  1
1547  0
1548  0
1549  0
1550  0
1551  1
1552  1
1553  0
1554  0
1555  0
1556  0
1557  2
1558  0
1559  1
1560  0
1561  1
1562  1
1563  0
1564  1
1565  1
1566  0
1567  1
1568  0
1569  0
1570  0
1571  0
1572  1
1573  0
1574  0
1575  1
1576  0
1577  0
1578  0
1579  0
1580  0
1581  0
1582  0
1583  0
1584  0
1585  0
1586  0
1587  0
1588  1
1589  0
1590  0
1591  1
1592  2
1593  1
1594  0
1595  1
1596  0
1597  0
1598  0
1599  2
1600  0
1601  0
1602  0
1603  0
1604  0
1605  1
1606  0
1607  0
1608  0
1609  1
1610  0
1611  0
1612  0
1613  0
1614  0
1615  1
1616  0
1617  0
1618  0
1619  0
1620  0
1621  0
1622  0
1623  1
1624  0
1625  1
1626  0
1627  0
1628  0
1629  0
1630  0
1631  0
1632  0
1633  0
1634  0
1635  0
1636  0
1637  0
1638  1
1639  1
1640  0
1641  1
1642  0
1643  0
1644  0
1645  0
1646  0
1647  1
1648  1
1649  2
1650  1
1651  0
1652  0
1653  2
1654  0
1655  1
1656  0
1657  0
1658  0
1659  1
1660  1
1661  1
1662  1
1663  0
1664  0
1665  0
1666  0
1667  0
1668  0
1669  0
1670  0
1671  0
1672  0
1673  0
1674  0
1675  0
1676  0
1677  0
1678  2
1679  0
1680  1
1681  1
1682  0
1683  0
1684  0
1685  1
1686  0
1687  0
1688  0
1689  0
1690  0
1691  0
1692  1
1693  0
1694  1
1695  0
1696  1
1697  0
1698  0
1699  0
1700  1
1701  1
1702  0
1703  0
1704  0
1705  0
1706  0
1707  0
1708  0
1709  0
1710  0
1711  0
1712  0
1713  1
1714  0
1715  0
1716  0
1717  0
1718  0
1719  1
1720  0
1721  0
1722  0
1723  0
1724  0
1725  0
1726  0
1727  1
1728  1
1729  0
1730  0
1731  0
1732  0
1733  0
1734  2
1735  1
1736  1
1737  0
1738  1
1739  0
1740  0
1741  0
1742  0
1743  0
1744  1
1745  1
1746  1
1747  0
1748  0
1749  0
1750  0
1751  1
1752  0
1753  0
1754  0
1755  0
1756  1
1757  0
1758  1
1759  0
1760  0
1761  0
1762  0
1763  0
1764  0
1765  0
1766  0
1767  0
1768  1
1769  0
1770  0
1771  1
1772  0
1773  0
1774  0
1775  0
1776  1
1777  0
1778  0
1779  0
1780  0
1781  0
1782  0
1783  0
1784  1
1785  0
1786  1
1787  0
1788  1
1789  0
1790  1
1791  0
1792  0
1793  0
1794  0
1795  0
1796  2
1797  1
1798  1
1799  0
1800  0
1801  0
1802  0
1803  0
1804  0
1805  0
1806  0
1807  0
1808  0
1809  0
1810  1
1811  1
1812  0
1813  1
1814  0
1815  0
1816  0
1817  0
1818  0
1819  0
1820  1
1821  0
1822  0
1823  1
1824  0
1825  0
1826  0
1827  1
1828  1
1829  2
1830  0
1831  0
1832  0
1833  0
1834  3
1835  0
1836  1
1837  0
1838  0
1839  0
1840  1
1841  0
1842  0
1843  0
1844  0
1845  0
1846  0
1847  0
1848  0
1849  0
1850  0
1851  0
1852  0
1853  0
1854  1
1855  0
1856  0
1857  0
1858  1
1859  0
1860  0
1861  0
1862  0
1863  0
1864  1
1865  0
1866  1
1867  0
1868  0
1869  0
1870  0
1871  1
1872  0
1873  0
1874  0
1875  1
1876  0
1877  0
1878  0
1879  1
1880  0
1881  0
1882  0
1883  1
1884  0
1885  0
1886  0
1887  0
1888  1
1889  2
1890  1
1891  0
1892  1
1893  0
1894  0
1895  2
1896  0
1897  0
1898  0
1899  0
1900  0
1901  1
1902  0
1903  0
1904  1
1905  0
1906  0
1907  0
1908  1
1909  0
1910  0
1911  0
1912  0
1913  1
1914  0
1915  0
1916  0
1917  0
1918  0
1919  0
1920  0
1921  0
1922  0
1923  0
1924  1
1925  0
1926  0
1927  0
1928  1
1929  0
1930  0
1931  0
1932  0
1933  0
1934  0
1935  0
1936  0
1937  0
1938  1
1939  0
1940  1
1941  0
1942  1
1943  0
1944  0
1945  0
1946  0
1947  0
1948  0
1949  1
1950  0
1951  0
1952  0
1953  1
1954  0
1955  0
1956  0
1957  0
1958  0
1959  0
1960  0
1961  0
1962  0
1963  0
1964  0
1965  1
1966  1
1967  0
1968  0
1969  0
1970  2
1971  0
1972  1
1973  0
1974  0
1975  0
1976  1
1977  0
1978  0
1979  0
1980  0
1981  0
1982  0
1983  0
1984  0
1985  0
1986  1
1987  0
1988  0
1989  0
1990  1
1991  0
1992  1
1993  0
1994  0
1995  0
1996  0
1997  0
1998  2
1999  1
2000  0
2001  0
2002  0
2003  0
2004  0
2005  0
2006  0
2007  0
2008  0
2009  1
2010  0
2011  0
2012  0
2013  0
2014  0
2015  0
2016  1
2017  0
2018  2
2019  0
2020  1
2021  0
2022  0
2023  0
2024  0
2025  0
2026  1
2027  1
2028  0
2029  1
2030  0
2031  0
2032  0
2033  1
2034  0
2035  0
2036  0
2037  0
2038  0
2039  0
2040  0
2041  0
2042  1
2043  0
2044  0
2045  0
2046  0
2047  0
2048  0
2049  0
2050  2
2051  0
2052  1
2053  0
2054  0
2055  0
2056  1
2057  0
2058  0
2059  0
2060  1
2061  0
2062  0
2063  1
2064  0
2065  0
2066  1
2067  0
2068  0
2069  0
2070  1
2071  0
2072  0
2073  0
2074  2
2075  2
2076  0
2077  0
2078  0
2079  0
2080  0
2081  0
2082  1
2083  0
2084  0
2085  0
2086  0
2087  0
2088  0
2089  0
2090  0
2091  0
2092  1
2093  2
2094  0
2095  0
2096  0
2097  1
2098  1
2099  1
2100  1
2101  0
2102  0
2103  0
2104  0
2105  0
2106  0
2107  0
2108  0
2109  0
2110  1
2111  0
2112  0
2113  0
2114  0
2115  0
2116  0
2117  0
2118  0
2119  0
2120  0
2121  0
2122  1
2123  1
2124  0
2125  0
2126  0
2127  1
2128  1
2129  0
2130  0
2131  0
2132  0
2133  0
2134  0
2135  0
2136  0
2137  0
2138  1
2139  0
2140  0
2141  0
2142  0
2143  0
2144  1
2145  1
2146  0
2147  1
2148  0
2149  0
2150  1
2151  0
2152  0
2153  0
2154  0
2155  0
2156  1
2157  0
2158  0
2159  1
2160  0
2161  0
2162  0
2163  0
2164  0
2165  0
2166  0
2167  0
2168  0
2169  0
2170  1
2171  0
2172  1
2173  0
2174  0
2175  0
2176  0
2177  0
2178  2
2179  2
2180  0
2181  0
2182  0
2183  0
2184  1
2185  1
2186  0
2187  0
2188  0
2189  0
2190  1
2191  0
2192  0
2193  0
2194  0
2195  0
2196  0
2197  0
2198  1
2199  0
2200  0
2201  0
2202  0
2203  0
2204  1
2205  0
2206  1
2207  0
2208  0
2209  0
2210  0
2211  1
2212  0
2213  0
2214  0
2215  0
2216  0
2217  1
2218  1
2219  2
2220  0
2221  0
2222  0
2223  0
2224  0
2225  0
2226  0
2227  1
2228  0
2229  0
2230  1
2231  0
2232  0
2233  0
2234  0
2235  0
2236  1
2237  0
2238  0
2239  0
2240  0
2241  0
2242  1
2243  1
2244  0
2245  0
2246  0
2247  0
2248  0
2249  0
2250  0
2251  0
2252  0
2253  0
2254  1
2255  0
2256  2
2257  0
2258  0
2259  0
2260  0
2261  0
2262  0
2263  0
2264  0
2265  1
2266  0
2267  0
2268  0
2269  0
2270  0
2271  0
2272  0
2273  0
2274  0
2275  0
2276  1
2277  2
2278  1
2279  0
2280  0
2281  0
2282  0
2283  1
2284  0
2285  0
2286  1
2287  1
2288  0
2289  0
2290  1
2291  0
2292  1
2293  0
2294  1
2295  1
2296  0
2297  1
2298  0
2299  0
2300  0
2301  0
2302  0
2303  0
2304  1
2305  0
2306  0
2307  1
2308  0
2309  0
2310  2
2311  0
2312  1
2313  0
2314  0
2315  0
2316  0
2317  0
2318  1
2319  0
2320  1
2321  0
2322  0
2323  0
2324  1
2325  0
2326  0
2327  0
2328  0
2329  1
2330  0
2331  0
2332  0
2333  0
2334  1
2335  0
2336  0
2337  0
2338  0
2339  0
2340  1
2341  0
2342  0
2343  0
2344  1
2345  1
2346  0
2347  0
2348  0
2349  0
2350  0
2351  0
2352  1
2353  0
2354  0
2355  1
2356  0
2357  0
2358  0
2359  0
2360  0
2361  0
2362  0
2363  0
2364  0
2365  0
2366  0
2367  0
2368  0
2369  1
2370  0
2371  0
2372  0
2373  0
2374  1
2375  0
2376  0
2377  0
2378  0
2379  0
2380  0
2381  0
2382  0
2383  0
2384  0
2385  0
2386  0
2387  0
2388  0
2389  1
2390  0
2391  0
2392  0
2393  1
2394  0
2395  0
2396  0
2397  0
2398  0
2399  0
2400  0
2401  0
2402  0
2403  0
2404  0
2405  0
2406  1
2407  1
2408  0
2409  0
2410  0
2411  0
2412  0
2413  0
2414  0
2415  1
2416  0
2417  0
2418  0
2419  0
2420  0
2421  0
2422  0
2423  0
2424  0
2425  0
2426  0
2427  0
2428  0
2429  0
2430  0
2431  0
2432  0
2433  0
2434  0
2435  0
2436  0
2437  0
2438  0
2439  0
2440  0
2441  0
2442  0
2443  0
2444  0
2445  1
2446  0
2447  0
2448  0
2449  0
2450  0
2451  0
2452  0
2453  0
2454  1
2455  0
2456  0
2457  2
2458  0
2459  1
2460  0
2461  0
2462  0
2463  0
2464  0
2465  0
2466  0
2467  0
2468  0
2469  0
2470  0
2471  1
2472  1
2473  0
2474  0
2475  0
2476  0
2477  0
2478  1
2479  0
2480  1
2481  1
2482  0
2483  1
2484  1
2485  0
2486  1
2487  0
2488  0
2489  0
2490  2
2491  0
2492  0
2493  0
2494  0
2495  0
2496  1
2497  2
2498  0
2499  0
2500  0
2501  0
2502  0
2503  1
2504  0
2505  0
2506  0
2507  0
2508  0
2509  0
2510  0
2511  0
2512  0
2513  0
2514  0
2515  0
2516  0
2517  0
2518  0
2519  0
2520  2
2521  1
2522  1
2523  1
2524  0
2525  1
2526  0
2527  0
2528  0
2529  1
2530  0
2531  0
2532  0
2533  0
2534  1
2535  0
2536  0
2537  0
2538  0
2539  1
2540  0
2541  1
2542  0
2543  0
2544  0
2545  0
2546  0
2547  0
2548  0
2549  0
2550  0
2551  0
2552  0
2553  0
2554  1
2555  1
2556  0
2557  0
2558  0
2559  0
2560  1
2561  0
2562  0
2563  0
2564  0
2565  0
2566  0
2567  0
2568  0
2569  0
2570  0
2571  0
2572  0
2573  1
2574  0
2575  1
2576  0
2577  0
2578  2
2579  1
2580  0
2581  0
2582  0
2583  1
2584  1
2585  0
2586  0
2587  0
2588  0
2589  0
2590  0
2591  0
2592  0
2593  1
2594  0
2595  0
2596  0
2597  2
2598  1
2599  0
2600  0
2601  0
2602  0
2603  0
2604  1
2605  0
2606  0
2607  0
2608  0
2609  0
2610  2
2611  1
2612  0
2613  0
2614  1
2615  1
2616  0
2617  0
2618  0
2619  0
2620  0
2621  0
2622  0
2623  0
2624  0
2625  0
2626  1
2627  1
2628  0
2629  0
2630  1
2631  0
2632  0
2633  0
2634  0
2635  0
2636  0
2637  0
2638  0
2639  1
2640  0
2641  0
2642  1
2643  0
2644  0
2645  2
2646  0
2647  1
2648  0
2649  1
2650  0
2651  0
2652  1
2653  0
2654  0
2655  0
2656  0
2657  0
2658  0
2659  1
2660  0
2661  0
2662  0
2663  0
2664  0
2665  2
2666  1
2667  1
2668  0
2669  0
2670  2
2671  0
2672  2
2673  0
2674  0
2675  0
2676  0
2677  0
2678  0
2679  0
2680  0
2681  0
2682  0
2683  0
2684  0
2685  0
2686  0
2687  0
2688  1
2689  0
2690  0
2691  0
2692  0
2693  0
2694  0
2695  0
2696  0
2697  0
2698  0
2699  0
2700  0
2701  0
2702  0
2703  0
2704  1
2705  1
2706  0
2707  0
2708  0
2709  0
2710  0
2711  0
2712  0
2713  0
2714  0
2715  0
2716  3
2717  0
2718  0
2719  1
2720  0
2721  0
2722  1
2723  0
2724  2
2725  0
2726  1
2727  0
2728  0
2729  1
2730  0
2731  0
2732  0
2733  0
2734  0
2735  0
2736  0
2737  0
2738  0
2739  0
2740  0
2741  0
2742  1
2743  1
2744  0
2745  0
2746  0
2747  0
2748  0
2749  1
2750  0
2751  0
2752  0
2753  1
2754  1
2755  0
2756  0
2757  0
2758  1
2759  0
2760  0
2761  0
2762  0
2763  0
2764  0
2765  0
2766  0
2767  1
2768  0
2769  0
2770  0
2771  0
2772  0
2773  0
2774  0
2775  0
2776  1
2777  0
2778  0
2779  0
2780  1
2781  0
2782  0
2783  2
2784  0
2785  0
2786  0
2787  0
2788  1
2789  0
2790  0
2791  0
2792  2
2793  0
2794  0
2795  1
2796  0
2797  0
2798  0
2799  1
2800  0
2801  0
2802  0
2803  0
2804  0
2805  0
2806  0
2807  0
2808  0
2809  0
2810  2
2811  0
2812  1
2813  1
2814  0
2815  0
2816  0
2817  0
2818  0
2819  1
2820  0
2821  0
2822  0
2823  0
2824  1
2825  1
2826  0
2827  0
2828  0
2829  0
2830  0
2831  0
2832  1
2833  1
2834  1
2835  0
2836  0
2837  1
2838  0
2839  1
2840  0
2841  0
2842  0
2843  1
2844  0
2845  0
2846  0
2847  0
2848  1
2849  0
2850  0
2851  1
2852  0
2853  0
2854  1
2855  0
2856  0
2857  0
2858  0
2859  1
2860  0
2861  0
2862  1
2863  1
2864  1
2865  0
2866  0
2867  0
2868  1
2869  0
2870  2
2871  0
2872  0
2873  0
2874  0
2875  0
2876  0
2877  0
2878  1
2879  1
2880  1
2881  0
2882  1
2883  1
2884  2
2885  0
2886  0
2887  0
2888  0
2889  1
2890  0
2891  0
2892  0
2893  0
2894  0
2895  0
2896  0
2897  0
2898  0
2899  0
2900  1
2901  0
2902  0
2903  0
2904  0
2905  1
2906  0
2907  0
2908  0
2909  0
2910  1
2911  0
2912  0
2913  0
2914  0
2915  0
2916  2
2917  0
2918  0
2919  0
2920  1
2921  1
2922  0
2923  0
2924  0
2925  0
2926  0
2927  0
2928  0
2929  0
2930  0
2931  1
2932  1
2933  0
2934  0
2935  0
2936  0
2937  0
2938  0
2939  0
2940  0
2941  0
2942  0
2943  0
2944  0
2945  0
2946  0
2947  0
2948  0
2949  0
2950  0
2951  0
2952  0
2953  0
2954  0
2955  0
2956  0
2957  0
2958  0
2959  1
2960  0
2961  0
2962  0
2963  0
2964  0
2965  0
2966  1
2967  0
2968  0
2969  0
2970  0
2971  0
2972  0
2973  0
2974  1
2975  0
2976  0
2977  0
2978  0
2979  0
2980  0
2981  1
2982  1
2983  0
2984  0
2985  0
2986  0
2987  0
2988  0
2989  1
2990  2
2991  0
2992  0
2993  0
2994  1
2995  0
2996  1
2997  0
2998  0
2999  0
3000  0
3001  0
3002  0
3003  0
3004  0
3005  1
3006  0
3007  0
3008  0
3009  0
3010  0
3011  0
3012  0
3013  0
3014  0
3015  0
3016  0
3017  0
3018  0
3019  0
3020  0
3021  0
3022  0
3023  0
3024  0
3025  0
3026  0
3027  0
3028  1
3029  0
3030  1
3031  0
3032  0
3033  0
3034  0
3035  0
3036  0
3037  1
3038  0
3039  0
3040  0
3041  0
3042  0
3043  0
3044  1
3045  0
3046  0
3047  1
3048  1
3049  0
3050  0
3051  0
3052  1
3053  0
3054  0
3055  0
3056  0
3057  0
3058  0
3059  0
3060  0
3061  0
3062  0
3063  0
3064  0
3065  0
3066  0
3067  0
3068  0
3069  0
3070  1
3071  1
3072  0
3073  0
3074  0
3075  0
3076  0
3077  1
3078  0
3079  0
3080  0
3081  1
3082  0
3083  0
3084  1
3085  1
3086  0
3087  0
3088  0
3089  0
3090  0
3091  0
3092  1
3093  0
3094  1
3095  0
3096  0
3097  0
3098  0
3099  0
3100  0
3101  0
3102  0
3103  1
3104  1
3105  0
3106  1
3107  0
3108  0
3109  2
3110  0
3111  1
3112  0
3113  0
3114  1
3115  0
3116  1
3117  0
3118  1
3119  0
3120  0
3121  0
3122  0
3123  0
3124  1
3125  0
3126  0
3127  0
3128  0
3129  0
3130  0
3131  0
3132  0
3133  0
3134  1
3135  0
3136  0
3137  0
3138  1
3139  0
3140  0
3141  0
3142  0
3143  0
3144  0
3145  1
3146  0
3147  0
3148  0
3149  0
3150  1
3151  0
3152  0
3153  0
3154  1
3155  0
3156  0
3157  1
3158  0
3159  1
3160  0
3161  0
3162  0
3163  1
3164  1
3165  0
3166  0
3167  0
3168  0
3169  0
3170  0
3171  0
3172  0
3173  0
3174  0
3175  2
3176  1
3177  2
3178  1
3179  1
3180  0
3181  0
3182  0
3183  0
3184  1
3185  0
3186  0
3187  0
3188  0
3189  0
3190  0
3191  0
3192  0
3193  1
3194  0
3195  1
3196  1
3197  0
3198  1
3199  1
3200  0
3201  0
3202  0
3203  0
3204  0
3205  0
3206  0
3207  1
3208  0
3209  0
3210  0
3211  0
3212  0
3213  0
3214  0
3215  0
3216  0
3217  0
3218  0
3219  0
3220  1
3221  0
3222  1
3223  1
3224  0
3225  0
3226  0
3227  1
3228  0
3229  0
3230  0
3231  0
3232  0
3233  0
3234  1
3235  0
3236  0
3237  0
3238  0
3239  0
3240  0
3241  0
3242  0
3243  0
3244  0
3245  0
3246  0
3247  0
3248  0
3249  0
3250  0
3251  0
3252  0
3253  0
3254  0
3255  0
3256  0
3257  0
3258  0
3259  0
3260  0
3261  0
3262  2
3263  0
3264  0
3265  0
3266  0
3267  1
3268  0
3269  1
3270  1
3271  0
3272  0
3273  0
3274  0
3275  1
3276  1
3277  0
3278  0
3279  0
3280  0
3281  0
3282  1
3283  0
3284  0
3285  1
3286  0
3287  0
3288  0
3289  0
3290  0
3291  0
3292  0
3293  1
3294  0
3295  0
3296  1
3297  0
3298  0
3299  0
3300  0
3301  1
3302  0
3303  0
3304  0
3305  1
3306  0
3307  0
3308  0
3309  0
3310  0
3311  0
3312  0
3313  0
3314  0
3315  0
3316  1
3317  1
3318  2
3319  1
3320  0
3321  0
3322  0
3323  0
3324  0
3325  1
3326  0
3327  0
3328  0
3329  0
3330  0
3331  0
3332  1
3333  0
3334  0
3335  0
3336  0
3337  0
3338  0
3339  2
3340  0
3341  0
3342  0
3343  2
3344  0
3345  0
3346  0
3347  0
3348  0
3349  0
3350  0
3351  0
3352  0
3353  0
3354  0
3355  0
3356  0
3357  0
3358  0
3359  0
3360  0
3361  1
3362  1
3363  0
3364  0
3365  0
3366  0
3367  0
3368  0
3369  0
3370  0
3371  0
3372  0
3373  0
3374  0
3375  1
3376  0
3377  0
3378  0
3379  0
3380  0
3381  0
3382  0
3383  1
3384  0
3385  1
3386  0
3387  0
3388  0
3389  0
3390  0
3391  1
3392  0
3393  0
3394  1
3395  2
3396  0
3397  1
3398  1
3399  1
3400  1
3401  0
3402  0
3403  0
3404  1
3405  1
3406  0
3407  0
3408  0
3409  1
3410  0
3411  1
3412  0
3413  0
3414  2
3415  1
3416  0
3417  0
3418  1
3419  0
3420  0
3421  0
3422  0
3423  0
3424  0
3425  0
3426  1
3427  0
3428  0
3429  0
3430  0
3431  1
3432  0
3433  0
3434  2
3435  0
3436  0
3437  0
3438  0
3439  0
3440  0
3441  0
3442  2
3443  1
3444  0
3445  0
3446  0
3447  2
3448  0
3449  0
3450  0
3451  0
3452  0
3453  0
3454  0
3455  0
3456  0
3457  0
3458  0
3459  0
3460  0
3461  0
3462  0
3463  0
3464  1
3465  1
3466  2
3467  0
3468  0
3469  0
3470  0
3471  0
3472  1
3473  0
3474  0
3475  1
3476  0
3477  0
3478  1
3479  0
3480  0
3481  0
3482  1
3483  0
3484  0
3485  0
3486  0
3487  0
3488  0
3489  0
3490  0
3491  0
3492  1
3493  0
3494  1
3495  0
3496  0
3497  0
3498  0
3499  1
3500  1
3501  0
3502  1
3503  0
3504  0
3505  0
3506  0
3507  0
3508  0
3509  0
3510  1
3511  1
3512  0
3513  0
3514  0
3515  0
3516  0
3517  1
3518  1
3519  0
3520  2
3521  0
3522  0
3523  0
3524  0
3525  0
3526  0
3527  1
3528  0
3529  0
3530  0
3531  0
3532  1
3533  0
3534  0
3535  0
3536  1
3537  0
3538  0
3539  0
3540  0
3541  0
3542  0
3543  0
3544  0
3545  1
3546  0
3547  1
3548  0
3549  0
3550  2
3551  3
3552  0
3553  0
3554  0
3555  1
3556  0
3557  0
3558  0
3559  0
3560  0
3561  0
3562  0
3563  0
3564  0
3565  0
3566  0
3567  2
3568  0
3569  1
3570  0
3571  1
3572  1
3573  0
3574  0
3575  0
3576  0
3577  0
3578  1
3579  1
3580  0
3581  0
3582  0
3583  0
3584  0
3585  0
3586  0
3587  1
3588  0
3589  0
3590  1
3591  0
3592  4
3593  1
3594  0
3595  2
3596  0
3597  1
3598  1
3599  3
3600  0
3601  0
3602  1
3603  0
3604  0
3605  1
3606  0
3607  0
3608  1
3609  0
3610  0
3611  1
3612  0
3613  0
3614  0
3615  1
3616  2
3617  0
3618  2
3619  0
3620  1
3621  1
3622  0
3623  0
3624  0
3625  1
3626  1
3627  1
3628  0
3629  0
3630  0
3631  0
3632  0
3633  1
3634  0
3635  0
3636  0
3637  0
3638  0
3639  1
3640  1
3641  1
3642  1
3643  0
3644  1
3645  0
3646  0
3647  0
3648  2
3649  1
3650  1
3651  0
3652  0
3653  0
3654  0
3655  0
3656  0
3657  1
3658  0
3659  0
3660  0
3661  1
3662  0
3663  1
3664  0
3665  2
3666  0
3667  0
3668  1
3669  0
3670  1
3671  0
3672  1
3673  1
3674  1
3675  2
3676  1
3677  0
3678  0
3679  0
3680  0
3681  0
3682  0
3683  0
3684  0
3685  0
3686  2
3687  1
3688  2
3689  0
3690  0
3691  0
3692  0
3693  0
3694  0
3695  0
3696  1
3697  0
3698  0
3699  1
3700  1
3701  0
3702  0
3703  0
3704  0
3705  1
3706  1
3707  0
3708  0
3709  0
3710  2
3711  0
3712  0
3713  0
3714  0
3715  1
3716  1
3717  0
3718  0
3719  0
3720  1
3721  1
3722  0
3723  1
3724  0
3725  0
3726  0
3727  0
3728  0
3729  0
3730  0
3731  1
3732  1
3733  1
3734  1
3735  0
3736  1
3737  0
3738  0
3739  0
3740  0
3741  1
3742  0
3743  0
3744  1
3745  0
3746  0
3747  0
3748  2
3749  0
3750  0
3751  2
3752  0
3753  0
3754  0
3755  0
3756  1
3757  1
3758  0
3759  0
3760  0
3761  0
3762  1
3763  0
3764  1
3765  0
3766  0
3767  0
3768  1
3769  0
3770  0
3771  0
3772  1
3773  0
3774  0
3775  0
3776  0
3777  0
3778  0
3779  0
3780  0
3781  1
3782  2
3783  0
3784  0
3785  2
3786  0
3787  1
3788  0
3789  0
3790  0
3791  0
3792  0
3793  0
3794  1
3795  0
3796  0
3797  0
3798  0
3799  0
3800  0
3801  1
3802  0
3803  0
3804  1
3805  0
3806  0
3807  1
3808  0
3809  1
3810  0
3811  1
3812  0
3813  0
3814  0
3815  0
3816  0
3817  0
3818  0
3819  0
3820  0
3821  0
3822  1
3823  1
3824  0
3825  0
3826  1
3827  0
3828  3
3829  0
3830  0
3831  0
3832  0
3833  0
3834  0
3835  0
3836  0
3837  0
3838  0
3839  0
3840  0
3841  0
3842  2
3843  0
3844  0
3845  1
3846  0
3847  0
3848  1
3849  0
3850  0
3851  0
3852  0
3853  1
3854  0
3855  2
3856  1
3857  0
3858  0
3859  1
3860  0
3861  0
3862  0
3863  0
3864  0
3865  0
3866  1
3867  0
3868  0
3869  0
3870  1
3871  1
3872  0
3873  0
3874  0
3875  0
3876  0
3877  1
3878  0
3879  1
3880  0
3881  0
3882  1
3883  0
3884  0
3885  1
3886  0
3887  0
3888  0
3889  2
3890  0
3891  0
3892  0
3893  1
3894  0
3895  1
3896  0
3897  2
3898  0
3899  1
3900  1
3901  0
3902  0
3903  0
3904  0
3905  0
3906  1
3907  0
3908  2
3909  0
3910  0
3911  1
3912  0
3913  0
3914  1
3915  1
3916  0
3917  2
3918  1
3919  0
3920  0
3921  1
3922  0
3923  0
3924  1
3925  1
3926  0
3927  1
3928  1
3929  0
3930  3
3931  1
3932  1
3933  0
3934  0
3935  1
3936  2
3937  0
3938  1
3939  0
3940  0
3941  0
3942  0
3943  0
3944  0
3945  0
3946  0
3947  0
3948  0
3949  0
3950  0
3951  0
3952  1
3953  1
3954  0
3955  0
3956  1
3957  0
3958  1
3959  0
3960  0
3961  1
3962  0
3963  1
3964  0
3965  0
3966  1
3967  1
3968  1
3969  0
3970  1
3971  0
3972  0
3973  0
3974  0
3975  1
3976  0
3977  2
3978  0
3979  0
3980  0
3981  0
3982  2
3983  0
3984  0
3985  1
3986  1
3987  1
3988  2
3989  0
3990  0
3991  0
3992  0
3993  0
3994  0
3995  0
3996  0
3997  0
3998  0
3999  1
4000  0
4001  0
4002  1
4003  1
4004  0
4005  0
4006  0
4007  0
4008  1
4009  0
4010  0
4011  0
4012  0
4013  2
4014  1
4015  0
4016  2
4017  1
4018  0
4019  1
4020  0
4021  1
4022  0
4023  0
4024  0
4025  0
4026  0
4027  0
4028  1
4029  0
4030  0
4031  0
4032  1
4033  1
4034  1
4035  0
4036  0
4037  0
4038  0
4039  0
4040  1
4041  0
4042  0
4043  0
4044  0
4045  2
4046  0
4047  0
4048  1
4049  1
4050  0
4051  0
4052  0
4053  0
4054  0
4055  0
4056  1
4057  0
4058  0
4059  1
4060  0
4061  0
4062  0
4063  0
4064  0
4065  0
4066  0
4067  0
4068  0
4069  1
4070  0
4071  0
4072  1
4073  0
4074  0
4075  0
4076  1
4077  0
4078  0
4079  1
4080  3
4081  0
4082  0
4083  0
4084  0
4085  0
4086  0
4087  0
4088  0
4089  0
4090  0
4091  0
4092  0
4093  1
4094  0
4095  0
4096  1
4097  0
4098  1
4099  1
4100  0
4101  0
4102  0
4103  1
4104  0
4105  0
4106  2
4107  0
4108  0
4109  1
4110  0
4111  0
4112  1
4113  0
4114  1
4115  0
4116  0
4117  0
4118  2
4119  0
4120  1
4121  0
4122  0
4123  1
4124  0
4125  2
4126  0
4127  1
4128  1
4129  0
4130  2
4131  0
4132  0
4133  1
4134  1
4135  0
4136  1
4137  0
4138  0
4139  0
4140  0
4141  0
4142  0
4143  0
4144  3
4145  1
4146  0
4147  0
4148  1
4149  0
4150  0
4151  0
4152  0
4153  1
4154  0
4155  0
4156  0
4157  0
4158  0
4159  1
4160  0
4161  2
4162  0
4163  1
4164  0
4165  1
4166  1
4167  0
4168  0
4169  0
4170  1
4171  0
4172  0
4173  1
4174  0
4175  0
4176  0
4177  1
4178  0
4179  0
4180  0
4181  0
4182  0
4183  1
4184  1
4185  0
4186  0
4187  1
4188  0
4189  0
4190  0
4191  1
4192  0
4193  0
4194  0
4195  0
4196  0
4197  0
4198  0
4199  0
4200  1
4201  1
4202  0
4203  1
4204  1
4205  3
4206  0
4207  0
4208  0
4209  0
4210  3
4211  0
4212  0
4213  0
4214  0
4215  1
4216  1
4217  0
4218  0
4219  1
4220  0
4221  0
4222  0
4223  0
4224  0
4225  1
4226  1
4227  0
4228  0
4229  2
4230  2
4231  1
4232  0
4233  0
4234  0
4235  0
4236  2
4237  1
4238  1
4239  1
4240  1
4241  0
4242  0
4243  0
4244  1
4245  0
4246  0
4247  0
4248  0
4249  1
4250  0
4251  0
4252  1
4253  0
4254  0
4255  0
4256  0
4257  0
4258  0
4259  0
4260  0
4261  0
4262  0
4263  1
4264  1
4265  1
4266  0
4267  0
4268  1
4269  0
4270  0
4271  1
4272  0
4273  0
4274  0
4275  0
4276  3
4277  0
4278  0
4279  1
4280  1
4281  0
4282  1
4283  0
4284  1
4285  0
4286  0
4287  2
4288  0
4289  0
4290  0
4291  0
4292  0
4293  0
4294  0
4295  2
4296  0
4297  0
4298  0
4299  1
4300  0
4301  1
4302  0
4303  0
4304  0
4305  0
4306  1
4307  0
4308  1
4309  0
4310  0
4311  0
4312  0
4313  0
4314  1
4315  1
4316  0
4317  1
4318  1
4319  1
4320  1
4321  0
4322  0
4323  0
4324  1
4325  1
4326  0
4327  0
4328  0
4329  0
4330  0
4331  0
4332  0
4333  0
4334  0
4335  1
4336  1
4337  1
4338  0
4339  0
4340  1
4341  0
4342  0
4343  0
4344  0
4345  0
4346  0
4347  0
4348  0
4349  1
4350  0
4351  0
4352  0
4353  1
4354  0
4355  0
4356  0
4357  1
4358  0
4359  0
4360  0
4361  0
4362  0
4363  1
4364  2
4365  0
4366  0
4367  0
4368  0
4369  0
4370  0
4371  0
4372  0
4373  0
4374  0
4375  0
4376  0
4377  0
4378  1
4379  0
4380  0
4381  0
4382  0
4383  0
4384  0
4385  0
4386  0
4387  1
4388  0
4389  0
4390  1
4391  1
4392  1
4393  1
4394  0
4395  0
4396  3
4397  0
4398  0
4399  1
4400  0
4401  0
4402  1
4403  0
4404  0
4405  1
4406  0
4407  0
4408  1
4409  0
4410  1
4411  0
4412  0
4413  0
4414  0
4415  0
4416  0
4417  1
4418  0
4419  0
4420  1
4421  1
4422  1
4423  0
4424  0
4425  0
4426  1
4427  1
4428  1
4429  3
4430  0
4431  0
4432  2
4433  1
4434  1
4435  1
4436  0
4437  0
4438  0
4439  0
4440  1
4441  0
4442  0
4443  0
4444  0
4445  0
4446  0
4447  0
4448  0
4449  0
4450  0
4451  0
4452  0
4453  0
4454  0
4455  0
4456  0
4457  1
4458  0
4459  0
4460  1
4461  1
4462  0
4463  1
4464  0
4465  0
4466  0
4467  0
4468  0
4469  0
4470  0
4471  0
4472  0
4473  0
4474  1
4475  0
4476  0
4477  0
4478  0
4479  0
4480  1
4481  3
4482  1
4483  0
4484  0
4485  1
4486  0
4487  1
4488  0
4489  0
4490  0
4491  2
4492  0
4493  0
4494  0
4495  1
4496  0
4497  0
4498  0
4499  0
4500  1
4501  0
4502  0
4503  1
4504  1
4505  0
4506  0
4507  1
4508  0
4509  0
4510  0
4511  0
4512  0
4513  0
4514  1
4515  2
4516  1
4517  0
4518  2
4519  0
4520  1
4521  0
4522  0
4523  0
4524  0
4525  0
4526  0
4527  0
4528  0
4529  0
4530  1
4531  1
4532  0
4533  0
4534  1
4535  1
4536  1
4537  0
4538  0
4539  2
4540  0
4541  0
4542  0
4543  1
4544  1
4545  0
4546  0
4547  0
4548  0
4549  0
4550  0
4551  0
4552  0
4553  0
4554  1
4555  0
4556  0
4557  1
4558  0
4559  0
4560  2
4561  0
4562  2
4563  0
4564  0
4565  0
4566  0
4567  0
4568  3
4569  1
4570  0
4571  0
4572  0
4573  0
4574  0
4575  0
4576  0
4577  0
4578  0
4579  1
4580  1
4581  2
4582  0
4583  2
4584  1
4585  0
4586  1
4587  0
4588  0
4589  1
4590  0
4591  0
4592  0
4593  0
4594  0
4595  1
4596  1
4597  0
4598  0
4599  0
4600  0
4601  0
4602  1
4603  1
4604  0
4605  0
4606  0
4607  0
4608  1
4609  1
4610  0
4611  0
4612  0
4613  0
4614  0
4615  0
4616  1
4617  0
4618  1
4619  2
4620  0
4621  0
4622  2
4623  0
4624  0
4625  1
4626  0
4627  0
4628  0
4629  1
4630  0
4631  1
4632  0
4633  0
4634  0
4635  0
4636  1
4637  2
4638  1
4639  0
4640  1
4641  1
4642  0
4643  0
4644  2
4645  0
4646  0
4647  0
4648  0
4649  1
4650  0
4651  0
4652  0
4653  0
4654  0
4655  0
4656  0
4657  0
4658  0
4659  0
4660  0
4661  0
4662  0
4663  0
4664  1
4665  1
4666  1
4667  0
4668  1
4669  1
4670  0
4671  0
4672  0
4673  0
4674  0
4675  1
4676  0
4677  0
4678  0
4679  1
4680  0
4681  0
4682  1
4683  0
4684  0
4685  1
4686  1
4687  0
4688  0
4689  0
4690  0
4691  0
4692  0
4693  0
4694  0
4695  0
4696  0
4697  0
4698  1
4699  0
4700  0
4701  0
4702  0
4703  0
4704  0
4705  0
4706  0
4707  0
4708  0
4709  0
4710  0
4711  1
4712  0
4713  1
4714  0
4715  0
4716  0
4717  0
4718  0
4719  0
4720  0
4721  0
4722  1
4723  0
4724  2
4725  0
4726  0
4727  1
4728  0
4729  0
4730  1
4731  1
4732  0
4733  0
4734  0
4735  0
4736  0
4737  0
4738  0
4739  0
4740  1
4741  0
4742  0
4743  0
4744  0
4745  1
4746  0
4747  1
4748  0
4749  0
4750  3
4751  1
4752  0
4753  0
4754  0
4755  0
4756  1
4757  1
4758  1
4759  0
4760  1
4761  0
4762  0
4763  1
4764  0
4765  0
4766  0
4767  0
4768  0
4769  1
4770  1
4771  0
4772  0
4773  0
4774  0
4775  1
4776  0
4777  0
4778  0
4779  1
4780  0
4781  1
4782  2
4783  1
4784  0
4785  0
4786  0
4787  0
4788  1
4789  0
4790  0
4791  0
4792  0
4793  0
4794  0
4795  0
4796  0
4797  0
4798  0
4799  0
4800  0
4801  0
4802  0
4803  0
4804  0
4805  0
4806  0
4807  0
4808  0
4809  0
4810  1
4811  0
4812  1
4813  0
4814  1
4815  0
4816  0
4817  0
4818  0
4819  0
4820  0
4821  0
4822  0
4823  0
4824  1
4825  0
4826  0
4827  0
4828  0
4829  0
4830  0
4831  0
4832  0
4833  1
4834  2
4835  0
4836  1
4837  0
4838  0
4839  0
4840  0
4841  0
4842  0
4843  0
4844  0
4845  0
4846  1
4847  0
4848  0
4849  0
4850  0
4851  0
4852  0
4853  0
4854  0
4855  0
4856  1
4857  0
4858  0
4859  0
4860  0
4861  0
4862  0
4863  0
4864  0
4865  0
4866  0
4867  0
4868  0
4869  0
4870  0
4871  0
4872  0
4873  0
4874  1
4875  0
4876  0
4877  0
4878  0
4879  0
4880  1
4881  0
4882  0
4883  0
4884  0
4885  0
4886  0
4887  0
4888  0
4889  0
4890  0
4891  0
4892  0
4893  0
4894  0
4895  0
4896  0
4897  0
4898  0
4899  0
4900  0
4901  0
4902  0
4903  1
4904  1
4905  0
4906  0
4907  1
4908  0
4909  0
4910  0
4911  0
4912  0
4913  0
4914  0
4915  0
4916  0
4917  0
4918  1
4919  0
4920  0
4921  0
4922  0
4923  0
4924  0
4925  0
4926  0
4927  0
4928  0
4929  0
4930  0
4931  0
4932  0
4933  0
4934  0
4935  0
4936  0
4937  0
4938  0
4939  0
4940  0
4941  0
4942  0
4943  0
4944  0
4945  0
4946  1
4947  0
4948  0
4949  0
4950  1
4951  0
4952  0
4953  0
4954  0
4955  0
4956  0
4957  0
4958  0
4959  0
4960  1
4961  0
4962  0
4963  0
4964  0
4965  0
4966  0
4967  0
4968  0
4969  0
4970  0
4971  0
4972  0
4973  0
4974  0
4975  0
4976  0
4977  0
4978  0
4979  1
4980  0
4981  0
4982  0
4983  0
4984  0
4985  1
4986  0
4987  0
4988  0
4989  0
4990  0
4991  0
4992  0
4993  0
4994  0
4995  0
4996  0
4997  0
4998  0
4999  0
5000  0
5001  0
5002  0
5003  0
5004  0
5005  0
5006  0
5007  0
5008  0
5009  1
5010  1
5011  0
5012  0
5013  0
5014  0
5015  0
5016  0
5017  0
5018  0
5019  0
5020  0
5021  0
5022  0
5023  0
5024  0
5025  0
5026  0
5027  0
5028  0
5029  0
5030  0
5031  0
5032  0
5033  0
5034  0
5035  0
5036  0
5037  1
5038  0
5039  0
5040  0
5041  0
5042  0
5043  0
5044  1
5045  0
5046  0
5047  0
5048  0
5049  0
5050  0
5051  0
5052  0
5053  0
5054  0
5055  0
5056  0
5057  0
5058  0
5059  0
5060  0
5061  0
5062  0
5063  0
5064  0
5065  0
5066  0
5067  0
5068  0
5069  0
5070  0
5071  0
5072  0
5073  0
5074  0
5075  0
5076  0
5077  0
5078  0
5079  0
5080  0
5081  0
5082  0
5083  0
5084  0
5085  0
5086  0
5087  0
5088  0
5089  0
5090  0
5091  1
5092  0
5093  0
5094  0
5095  0
5096  0
5097  0
5098  1
5099  1
5100  0
5101  0
5102  0
5103  0
5104  0
5105  0
5106  0
5107  0
5108  0
5109  0
5110  0
5111  0
5112  0
5113  0
5114  0
5115  0
5116  0
5117  0
5118  0
5119  0
5120  0
5121  0
5122  0
5123  0
5124  0
5125  0
5126  0
5127  0
5128  1
5129  0
5130  0
5131  0
5132  0
5133  0
5134  0
5135  0
5136  0
5137  0
5138  0
5139  1
5140  0
5141  0
5142  1
5143  0
5144  1
5145  1
5146  0
5147  0
5148  0
5149  0
5150  0
5151  0
5152  0
5153  0
5154  0
5155  0
5156  0
5157  0
5158  0
5159  0
5160  0
5161  0
5162  0
5163  0
5164  0
5165  0
5166  0
5167  0
5168  0
5169  0
5170  0
5171  0
5172  0
5173  0
5174  0
5175  0
5176  0
5177  0
5178  0
5179  0
5180  0
5181  0
5182  0
5183  0
5184  0
5185  0
5186  0
5187  0
5188  0
5189  0
5190  0
5191  0
5192  0
5193  0
5194  0
5195  0
5196  0
5197  0
5198  0
5199  0
5200  0
5201  0
5202  0
5203  0
5204  0
5205  0
5206  0
5207  0
5208  0
5209  0
5210  0
5211  0
5212  0
5213  0
5214  0
5215  0
5216  0
5217  0
5218  0
5219  0
5220  0
5221  0
5222  0
5223  0
5224  0
5225  0
5226  0
5227  1
5228  0
5229  0
5230  0
5231  0
5232  0
5233  0
5234  0
5235  0
5236  0
5237  0
5238  0
5239  0
5240  0
5241  0
5242  0
5243  0
5244  0
5245  0
5246  0
5247  0
5248  0
5249  0
5250  0
5251  0
5252  0
5253  0
5254  0
5255  0
5256  0
5257  0
5258  0
5259  0
5260  0
5261  0
5262  0
5263  0
5264  0
5265  0
5266  0
5267  0
5268  0
5269  0
5270  0
5271  0
5272  0
5273  0
5274  0
5275  0
5276  0
5277  0
5278  0
5279  0
5280  1
5281  0
5282  0
5283  0
5284  0
5285  0
5286  0
5287  0
5288  0
5289  0
5290  0
5291  0
5292  0
5293  0
5294  0
5295  0
5296  0
5297  0
5298  0
5299  0
5300  0
5301  0
5302  0
5303  0
5304  0
5305  0
5306  0
5307  0
5308  0
5309  0
5310  0
5311  0
5312  1
