0  0
1  1248
2  309
3  209
4  116
5  86
6  71
7  48
8  44
9  37
10  21
11  24
12  11
13  16
14  11
15  9
16  17
17  21
18  12
19  15
20  11
21  9
22  4
23  5
24  7
25  11
26  8
27  6
28  5
29  5
30  10
31  7
32  8
33  3
34  9
35  5
36  6
37  5
38  7
39  8
40  9
41  7
42  5
43  11
44  10
45  7
46  12
47  15
48  6
49  7
50  14
51  10
52  10
53  10
54  18
55  25
56  26
57  22
58  23
59  16
60  36
61  33
62  36
63  29
64  34
65  29
66  36
67  45
68  37
69  42
70  46
71  38
72  40
73  35
74  28
75  33
76  23
77  23
78  9
79  13
80  5
81  1
82  0
83  2
84  1
85  0
86  1
