0  0
1  2697
2  798
3  479
4  337
5  269
6  216
7  165
8  121
9  92
10  90
11  78
12  69
13  65
14  70
15  46
16  55
17  32
18  48
19  37
20  22
21  23
22  25
23  28
24  30
25  31
26  20
27  24
28  28
29  30
30  23
31  19
32  21
33  23
34  14
35  14
36  24
37  15
38  23
39  20
40  18
41  30
42  18
43  20
44  22
45  13
46  18
47  22
48  30
49  15
50  24
51  20
52  20
53  26
54  23
55  18
56  20
57  23
58  17
59  17
60  15
61  11
62  9
63  15
64  8
65  9
66  2
67  0
68  3
69  3
70  1
71  0
72  1
73  2
