0  0
1  42779
2  9227
3  5575
4  3492
5  2462
6  1772
7  1394
8  1097
9  869
10  798
11  674
12  540
13  523
14  428
15  380
16  335
17  312
18  278
19  251
20  251
21  224
22  195
23  187
24  165
25  161
26  144
27  160
28  126
29  129
30  128
31  121
32  96
33  104
34  88
35  81
36  81
37  74
38  73
39  63
40  69
41  63
42  68
43  59
44  57
45  50
46  51
47  50
48  35
49  41
50  43
51  49
52  46
53  42
54  35
55  33
56  40
57  36
58  36
59  31
60  24
61  36
62  42
63  28
64  21
65  38
66  24
67  29
68  29
69  33
70  31
71  30
72  18
73  23
74  16
75  25
76  30
77  25
78  16
79  29
80  19
81  23
82  14
83  20
84  22
85  14
86  20
87  20
88  12
89  13
90  20
91  18
92  14
93  15
94  9
95  16
96  13
97  9
98  18
99  24
100  14
101  12
102  19
103  4
104  12
105  15
106  13
107  14
108  15
109  7
110  15
111  19
112  8
113  9
114  8
115  7
116  10
117  16
118  10
119  6
120  9
121  7
122  6
123  9
124  11
125  14
126  5
127  7
128  6
129  12
130  15
131  7
132  8
133  15
134  8
135  9
136  5
137  6
138  8
139  8
140  4
141  6
142  13
143  13
144  7
145  10
146  10
147  10
148  6
149  6
150  2
151  5
152  8
153  6
154  6
155  8
156  6
157  6
158  9
159  7
160  6
161  9
162  8
163  9
164  3
165  7
166  8
167  7
168  7
169  11
170  5
171  3
172  6
173  7
174  3
175  5
176  3
177  5
178  2
179  5
180  6
181  4
182  8
183  6
184  6
185  6
186  3
187  10
188  5
189  4
190  4
191  4
192  4
193  7
194  4
195  8
196  5
197  2
198  3
199  4
200  5
201  5
202  3
203  3
204  2
205  2
206  1
207  3
208  8
209  4
210  5
211  7
212  5
213  4
214  3
215  4
216  4
217  7
218  0
219  2
220  2
221  1
222  5
223  4
224  0
225  5
226  4
227  4
228  5
229  3
230  6
231  2
232  3
233  3
234  5
235  7
236  3
237  2
238  7
239  2
240  2
241  4
242  2
243  7
244  0
245  3
246  4
247  3
248  5
249  2
250  5
251  4
252  0
253  3
254  1
255  4
256  5
257  2
258  0
259  4
260  1
261  4
262  1
263  4
264  7
265  0
266  2
267  4
268  3
269  1
270  1
271  1
272  2
273  2
274  2
275  3
276  2
277  2
278  2
279  3
280  3
281  1
282  3
283  5
284  3
285  4
286  1
287  3
288  3
289  2
290  0
291  2
292  1
293  5
294  3
295  0
296  3
297  2
298  1
299  1
300  1
301  4
302  1
303  4
304  1
305  2
306  2
307  2
308  5
309  3
310  1
311  0
312  7
313  1
314  3
315  1
316  3
317  3
318  3
319  0
320  5
321  1
322  4
323  0
324  1
325  1
326  1
327  2
328  7
329  2
330  1
331  1
332  1
333  5
334  2
335  3
336  1
337  3
338  1
339  4
340  2
341  3
342  0
343  2
344  5
345  0
346  0
347  1
348  4
349  2
350  2
351  3
352  4
353  3
354  0
355  3
356  0
357  1
358  2
359  0
360  0
361  1
362  3
363  4
364  1
365  2
366  1
367  0
368  2
369  1
370  0
371  1
372  1
373  2
374  0
375  3
376  3
377  1
378  5
379  4
380  2
381  4
382  2
383  2
384  1
385  2
386  0
387  1
388  1
389  1
390  1
391  2
392  0
393  1
394  2
395  0
396  2
397  3
398  2
399  3
400  1
401  4
402  2
403  1
404  3
405  2
406  1
407  1
408  1
409  2
410  1
411  2
412  2
413  1
414  1
415  0
416  2
417  1
418  1
419  0
420  0
421  2
422  0
423  3
424  1
425  0
426  2
427  1
428  0
429  1
430  2
431  3
432  1
433  0
434  2
435  0
436  0
437  1
438  2
439  1
440  1
441  1
442  1
443  0
444  2
445  1
446  2
447  2
448  2
449  1
450  2
451  1
452  1
453  2
454  2
455  1
456  2
457  3
458  1
459  0
460  0
461  0
462  1
463  1
464  1
465  3
466  1
467  2
468  0
469  0
470  1
471  1
472  2
473  2
474  2
475  4
476  4
477  0
478  1
479  0
480  0
481  1
482  0
483  0
484  0
485  0
486  5
487  2
488  0
489  0
490  0
491  2
492  2
493  2
494  0
495  0
496  1
497  0
498  0
499  0
500  3
501  0
502  2
503  2
504  1
505  2
506  2
507  1
508  2
509  1
510  0
511  0
512  0
513  1
514  1
515  2
516  1
517  2
518  3
519  2
520  0
521  1
522  2
523  1
524  0
525  0
526  4
527  0
528  0
529  0
530  0
531  1
532  2
533  0
534  2
535  1
536  3
537  1
538  0
539  0
540  4
541  1
542  0
543  1
544  0
545  1
546  2
547  2
548  0
549  0
550  4
551  1
552  2
553  2
554  3
555  0
556  2
557  2
558  1
559  2
560  0
561  1
562  1
563  0
564  1
565  2
566  1
567  0
568  2
569  1
570  3
571  1
572  0
573  2
574  0
575  1
576  0
577  2
578  1
579  0
580  1
581  1
582  0
583  1
584  0
585  2
586  0
587  0
588  3
589  0
590  2
591  0
592  1
593  3
594  3
595  1
596  0
597  1
598  0
599  0
600  2
601  1
602  1
603  2
604  1
605  0
606  0
607  2
608  2
609  0
610  2
611  0
612  0
613  1
614  2
615  0
616  0
617  3
618  0
619  1
620  1
621  2
622  2
623  2
624  1
625  2
626  4
627  0
628  1
629  1
630  0
631  0
632  2
633  1
634  0
635  0
636  1
637  0
638  0
639  3
640  1
641  2
642  1
643  1
644  0
645  1
646  2
647  0
648  2
649  0
650  2
651  0
652  0
653  0
654  0
655  0
656  3
657  1
658  0
659  0
660  2
661  0
662  2
663  0
664  3
665  0
666  0
667  1
668  1
669  0
670  1
671  0
672  2
673  2
674  4
675  0
676  1
677  1
678  0
679  2
680  0
681  1
682  1
683  0
684  0
685  4
686  2
687  3
688  2
689  0
690  1
691  0
692  2
693  1
694  1
695  1
696  2
697  1
698  0
699  2
700  1
701  1
702  1
703  1
704  3
705  1
706  0
707  1
708  0
709  2
710  0
711  1
712  4
713  0
714  0
715  3
716  2
717  0
718  2
719  1
720  0
721  0
722  1
723  1
724  1
725  1
726  1
727  2
728  0
729  0
730  2
731  0
732  3
733  0
734  1
735  0
736  3
737  1
738  0
739  1
740  1
741  1
742  0
743  1
744  0
745  0
746  0
747  0
748  1
749  2
750  1
751  0
752  0
753  2
754  2
755  2
756  1
757  2
758  2
759  0
760  0
761  1
762  0
763  2
764  2
765  0
766  0
767  1
768  0
769  0
770  1
771  1
772  2
773  2
774  0
775  2
776  1
777  0
778  2
779  2
780  0
781  1
782  2
783  2
784  1
785  3
786  0
787  0
788  0
789  3
790  2
791  2
792  0
793  1
794  2
795  2
796  1
797  0
798  0
799  1
800  1
801  0
802  3
803  0
804  4
805  1
806  2
807  0
808  1
809  1
810  3
811  0
812  1
813  0
814  0
815  1
816  2
817  2
818  0
819  0
820  1
821  0
822  3
823  0
824  0
825  2
826  2
827  3
828  2
829  4
830  1
831  1
832  1
833  2
834  1
835  1
836  3
837  1
838  2
839  2
840  0
841  0
842  2
843  0
844  1
845  2
846  0
847  1
848  0
849  4
850  1
851  0
852  1
853  0
854  3
855  1
856  0
857  1
858  1
859  1
860  0
861  0
862  0
863  3
864  2
865  0
866  3
867  3
868  2
869  1
870  1
871  2
872  0
873  0
874  0
875  2
876  1
877  2
878  0
879  0
880  0
881  0
882  2
883  3
884  2
885  2
886  1
887  0
888  0
889  0
890  0
891  3
892  2
893  2
894  2
895  0
896  0
897  0
898  1
899  0
900  2
901  1
902  2
903  2
904  0
905  3
906  3
907  2
908  3
909  1
910  2
911  2
912  2
913  2
914  1
915  0
916  2
917  1
918  2
919  3
920  0
921  1
922  0
923  1
924  2
925  0
926  0
927  2
928  2
929  0
930  0
931  3
932  1
933  1
934  0
935  2
936  4
937  1
938  2
939  0
940  1
941  1
942  4
943  2
944  0
945  1
946  0
947  5
948  0
949  3
950  0
951  1
952  1
953  0
954  0
955  2
956  0
957  0
958  1
959  1
960  0
961  0
962  2
963  0
964  2
965  1
966  3
967  1
968  2
969  1
970  0
971  3
972  1
973  1
974  0
975  4
976  0
977  2
978  0
979  0
980  2
981  0
982  1
983  2
984  1
985  2
986  1
987  0
988  1
989  1
990  1
991  1
992  1
993  2
994  1
995  2
996  1
997  1
998  0
999  3
1000  2
1001  1
1002  0
1003  3
1004  0
1005  1
1006  0
1007  0
1008  0
1009  0
1010  2
1011  1
1012  0
1013  0
1014  0
1015  0
1016  1
1017  0
1018  0
1019  2
1020  0
1021  3
1022  0
1023  0
1024  1
1025  3
1026  0
1027  2
1028  2
1029  1
1030  2
1031  1
1032  2
1033  2
1034  3
1035  2
1036  4
1037  0
1038  0
1039  2
1040  0
1041  1
1042  1
1043  2
1044  2
1045  0
1046  1
1047  1
1048  3
1049  3
1050  1
1051  0
1052  1
1053  1
1054  6
1055  0
1056  0
1057  0
1058  2
1059  0
1060  3
1061  1
1062  1
1063  0
1064  2
1065  2
1066  1
1067  0
1068  3
1069  1
1070  2
1071  1
1072  2
1073  1
1074  1
1075  1
1076  0
1077  2
1078  0
1079  0
1080  0
1081  1
1082  1
1083  0
1084  3
1085  2
1086  3
1087  1
1088  0
1089  3
1090  0
1091  1
1092  2
1093  2
1094  5
1095  0
1096  0
1097  0
1098  0
1099  2
1100  1
1101  1
1102  2
1103  0
1104  1
1105  1
1106  1
1107  0
1108  0
1109  1
1110  0
1111  1
1112  1
1113  0
1114  1
1115  1
1116  1
1117  1
1118  0
1119  0
1120  0
1121  0
1122  2
1123  1
1124  3
1125  1
1126  0
1127  2
1128  1
1129  1
1130  2
1131  2
1132  0
1133  2
1134  2
1135  0
1136  2
1137  1
1138  2
1139  0
1140  1
1141  2
1142  1
1143  1
1144  3
1145  1
1146  0
1147  1
1148  3
1149  0
1150  1
1151  1
1152  0
1153  3
1154  0
1155  3
1156  1
1157  2
1158  0
1159  2
1160  0
1161  0
1162  2
1163  1
1164  0
1165  3
1166  1
1167  1
1168  0
1169  0
1170  3
1171  1
1172  0
1173  1
1174  0
1175  1
1176  1
1177  1
1178  1
1179  0
1180  2
1181  2
1182  1
1183  2
1184  1
1185  0
1186  1
1187  1
1188  2
1189  2
1190  0
1191  1
1192  0
1193  0
1194  0
1195  1
1196  0
1197  2
1198  0
1199  0
1200  1
1201  0
1202  0
1203  0
1204  0
1205  0
1206  1
1207  2
1208  1
1209  0
1210  4
1211  4
1212  1
1213  2
1214  2
1215  1
1216  1
1217  1
1218  1
1219  0
1220  2
1221  2
1222  1
1223  2
1224  0
1225  0
1226  0
1227  1
1228  1
1229  1
1230  2
1231  2
1232  2
1233  0
1234  0
1235  0
1236  0
1237  2
1238  0
1239  1
1240  0
1241  1
1242  0
1243  0
1244  0
1245  1
1246  1
1247  1
1248  0
1249  1
1250  1
1251  1
1252  2
1253  1
1254  3
1255  1
1256  0
1257  0
1258  0
1259  1
1260  0
1261  1
1262  0
1263  0
1264  2
1265  0
1266  1
1267  1
1268  0
1269  1
1270  1
1271  0
1272  2
1273  0
1274  3
1275  0
1276  0
1277  0
1278  1
1279  1
1280  0
1281  1
1282  1
1283  2
1284  0
1285  3
1286  1
1287  0
1288  1
1289  1
1290  1
1291  1
1292  0
1293  0
1294  1
1295  0
1296  0
1297  1
1298  1
1299  0
1300  2
1301  0
1302  0
1303  1
1304  1
1305  0
1306  1
1307  0
1308  0
1309  0
1310  0
1311  1
1312  1
1313  0
1314  0
1315  0
1316  1
1317  0
1318  1
1319  1
1320  0
1321  0
1322  0
1323  0
1324  1
1325  0
1326  1
1327  0
1328  1
1329  0
1330  0
1331  0
1332  1
1333  0
1334  0
1335  0
1336  0
1337  0
1338  1
1339  0
1340  2
1341  0
1342  0
1343  1
1344  0
1345  0
1346  1
1347  0
1348  0
1349  1
1350  1
1351  0
1352  0
1353  0
1354  0
1355  2
1356  0
1357  0
1358  1
1359  0
1360  0
1361  0
1362  0
1363  0
1364  0
1365  0
1366  1
1367  2
1368  0
1369  0
1370  0
1371  0
1372  0
1373  0
1374  0
1375  0
1376  0
1377  0
1378  0
1379  1
1380  0
1381  0
1382  0
1383  0
1384  0
1385  0
1386  0
1387  0
1388  0
1389  0
1390  0
1391  0
1392  0
1393  0
1394  0
1395  0
1396  1
1397  1
