0  0
1  136635
2  39750
3  24769
4  16673
5  11746
6  8596
7  6770
8  5334
9  4168
10  3470
11  2810
12  2339
13  1958
14  1657
15  1469
16  1236
17  1012
18  865
19  828
20  611
21  562
22  517
23  468
24  406
25  364
26  342
27  257
28  261
29  235
30  178
31  172
32  161
33  159
34  132
35  124
36  89
37  91
38  76
39  75
40  77
41  57
42  55
43  51
44  45
45  35
46  55
47  26
48  22
49  29
50  22
51  23
52  25
53  19
54  18
55  15
56  6
57  10
58  11
59  10
60  11
61  6
62  4
63  7
64  9
65  11
66  1
67  1
68  7
69  8
70  7
71  3
72  3
73  2
74  2
75  2
76  0
77  1
78  1
79  0
80  3
81  1
82  1
83  0
84  1
85  0
86  0
87  1
88  1
89  0
90  1
91  1
92  0
93  0
94  0
95  1
96  0
97  0
98  1
99  0
100  0
101  0
102  0
103  0
104  0
105  0
106  1
107  0
108  0
109  0
110  0
111  0
112  0
113  0
114  0
115  0
116  0
117  0
118  0
119  0
120  0
121  0
122  0
123  0
124  0
125  0
126  0
127  0
128  0
129  0
130  0
131  0
132  1
